%YAML:1.0
Rotationmatrix: !!opencv-matrix
   rows: 3
   cols: 3
   dt: d
   data: [ -9.9438493505783387e-01, 3.3950218304961047e-02,
       1.0022965432980875e-01, -2.7928753730527757e-02,
       8.2936479143730701e-01, -5.5800898508824437e-01,
       -1.0207147321895081e-01, -5.5767501773093486e-01,
       -8.2375966698650316e-01 ]
TranslationVector: !!opencv-matrix
   rows: 3
   cols: 1
   dt: d
   data: [ 1.8472118859619957e+02, -1.1665459694324819e+02,
       1.1433882218459623e+03 ]
