%YAML:1.0
calibration_time: "mar. 09 mai 2017 10:45:00 CEST"
image_width: 1920
image_height: 500
board_width: 7
board_height: 17
squareSize: 9.7500000000000000e+00
nframes - camera: 20
camera_matrix: !!opencv-matrix
   rows: 3
   cols: 3
   dt: d
   data: [ 3.6772454479896355e+03, 0., 8.6139701539762382e+02, 0.,
       3.6912551717542042e+03, 5.7907482041753951e+02, 0., 0., 1. ]
distortion_coefficients: !!opencv-matrix
   rows: 14
   cols: 1
   dt: d
   data: [ 5.6299665198342461e+02, 3.6617556466798925e+02,
       -4.0019866575092622e-03, -3.3448739522447973e-03,
       -1.0574361556358065e+03, 5.6096566458243137e+02,
       5.1134300014322565e+02, -1.2666510698168281e+03, 0., 0., 0., 0.,
       0., 0. ]
avg_reprojection_error - camera 1: 1.9397313403361810e-01
per_view_reprojection_errors -camera 1: !!opencv-matrix
   rows: 20
   cols: 1
   dt: f
   data: [ 3.53355020e-01, 2.21382961e-01, 1.95571721e-01,
       1.58547089e-01, 1.46654785e-01, 1.53104141e-01, 1.15066275e-01,
       1.39742315e-01, 1.69562176e-01, 1.79834381e-01, 1.87729403e-01,
       1.71615794e-01, 1.71987921e-01, 1.45888939e-01, 2.72921890e-01,
       1.43393084e-01, 1.58847392e-01, 1.62699372e-01, 1.75223589e-01,
       2.88851023e-01 ]
