%YAML:1.0
Rotationmatrix: !!opencv-matrix
   rows: 3
   cols: 3
   dt: d
   data: [ -3.9646303620622270e-02, 7.9782015147127061e-01,
       6.0159053891794212e-01, 9.9904095749721034e-01,
       2.0452947512745845e-02, 3.8714883198812167e-02,
       1.8583214261215730e-02, 6.0254849003578093e-01,
       -7.9786589180345480e-01 ]
TranslationVector: !!opencv-matrix
   rows: 3
   cols: 1
   dt: d
   data: [ -6.6173614287636738e+01, -1.5849574805428002e+01,
       4.7793177478617673e+02 ]
