%YAML:1.0
calibration_time: "Die 13 Sep 2016 08:51:44 CEST"
image_width: 1200
image_height: 700
board_width: 11
board_height: 17
squareSize: 5.
nframes - max: 35
nframes - camera: 0
camera_matrix: !!opencv-matrix
   rows: 3
   cols: 3
   dt: d
   data: [ 3.8499926299182298e+03, 0., 6.3342333297656137e+02, 0.,
       3.8155367152659364e+03, 2.9314499438085585e+02, 0., 0., 1. ]
distortion_coefficients: !!opencv-matrix
   rows: 5
   cols: 1
   dt: d
   data: [ -2.6396273910811507e-01, 8.4986454861345240e-01,
       1.3691275131802379e-04, -1.3078521153716180e-03,
       -1.1219707923412095e+01 ]
avg_reprojection_error - camera 1: 1.6598387683211283e-01
